 0.00000e+00     1.00000e+00
 1.00000e-06     1.00000e+00
 1.01861e-06     1.00000e+00
 1.03757e-06     1.00000e+00
 1.05688e-06     1.00000e+00
 1.07654e-06     1.00000e+00
 1.09658e-06     1.00000e+00
 1.11699e-06     1.00000e+00
 1.13777e-06     1.00000e+00
 1.15895e-06     1.00000e+00
 1.18052e-06     1.00000e+00
 1.20249e-06     1.00000e+00
 1.22486e-06     1.00000e+00
 1.24766e-06     1.00000e+00
 1.27088e-06     1.00000e+00
 1.29453e-06     1.00000e+00
 1.31862e-06     1.00000e+00
 1.34316e-06     1.00000e+00
 1.36816e-06     1.00000e+00
 1.39362e-06     1.00000e+00
 1.41955e-06     1.00000e+00
 1.44597e-06     1.00000e+00
 1.47288e-06     1.00000e+00
 1.50029e-06     1.00000e+00
 1.52821e-06     1.00000e+00
 1.55665e-06     1.00000e+00
 1.58562e-06     1.00000e+00
 1.61513e-06     1.00000e+00
 1.64519e-06     1.00000e+00
 1.67581e-06     1.00000e+00
 1.70699e-06     1.00000e+00
 1.73876e-06     1.00000e+00
 1.77112e-06     1.00000e+00
 1.80408e-06     1.00000e+00
 1.83766e-06     1.00000e+00
 1.87186e-06     1.00000e+00
 1.90669e-06     1.00000e+00
 1.94217e-06     1.00000e+00
 1.97832e-06     1.00000e+00
 2.01514e-06     1.00000e+00
 2.05264e-06     1.00000e+00
 2.09084e-06     1.00000e+00
 2.12975e-06     1.00000e+00
 2.16938e-06     1.00000e+00
 2.20976e-06     1.00000e+00
 2.25088e-06     1.00000e+00
 2.29277e-06     1.00000e+00
 2.33544e-06     1.00000e+00
 2.37890e-06     1.00000e+00
 2.42317e-06     1.00000e+00
 2.46827e-06     1.00000e+00
 2.51420e-06     1.00000e+00
 2.56099e-06     1.00000e+00
 2.60865e-06     1.00000e+00
 2.65720e-06     1.00000e+00
 2.70665e-06     1.00000e+00
 2.75702e-06     1.00000e+00
 2.80833e-06     1.00000e+00
 2.86060e-06     1.00000e+00
 2.91383e-06     1.00000e+00
 2.96806e-06     1.00000e+00
 3.02329e-06     1.00000e+00
 3.07956e-06     1.00000e+00
 3.13687e-06     1.00000e+00
 3.19525e-06     1.00000e+00
 3.25471e-06     1.00000e+00
 3.31528e-06     1.00000e+00
 3.37698e-06     1.00000e+00
 3.43983e-06     1.00000e+00
 3.50384e-06     1.00000e+00
 3.56905e-06     1.00000e+00
 3.63547e-06     1.00000e+00
 3.70313e-06     1.00000e+00
 3.77204e-06     1.00000e+00
 3.84224e-06     1.00000e+00
 3.91375e-06     1.00000e+00
 3.98658e-06     1.00000e+00
 4.06077e-06     1.00000e+00
 4.13634e-06     1.00000e+00
 4.21332e-06     1.00000e+00
 4.29173e-06     1.00000e+00
 4.37160e-06     1.00000e+00
 4.45296e-06     1.00000e+00
 4.53583e-06     1.00000e+00
 4.62024e-06     1.00000e+00
 4.70622e-06     1.00000e+00
 4.79381e-06     1.00000e+00
 4.88302e-06     1.00000e+00
 4.97390e-06     1.00000e+00
 5.06646e-06     1.00000e+00
 5.16075e-06     1.00000e+00
 5.25679e-06     1.00000e+00
 5.35462e-06     1.00000e+00
 5.45427e-06     1.00000e+00
 5.55578e-06     1.00000e+00
 5.65917e-06     1.00000e+00
 5.76449e-06     1.00000e+00
 5.87177e-06     1.00000e+00
 5.98104e-06     1.00000e+00
 6.09235e-06     1.00000e+00
 6.20573e-06     1.00000e+00
 6.32122e-06     1.00000e+00
 6.43886e-06     1.00000e+00
 6.55869e-06     1.00000e+00
 6.68074e-06     1.00000e+00
 6.80507e-06     1.00000e+00
 6.93172e-06     1.00000e+00
 7.06072e-06     1.00000e+00
 7.19212e-06     1.00000e+00
 7.32597e-06     1.00000e+00
 7.46230e-06     1.00000e+00
 7.60118e-06     1.00000e+00
 7.74264e-06     1.00000e+00
 7.88673e-06     1.00000e+00
 8.03350e-06     1.00000e+00
 8.18301e-06     1.00000e+00
 8.33529e-06     1.00000e+00
 8.49042e-06     1.00000e+00
 8.64842e-06     1.00000e+00
 8.80937e-06     1.00000e+00
 8.97332e-06     1.00000e+00
 9.14031e-06     1.00000e+00
 9.31041e-06     1.00000e+00
 9.48368e-06     1.00000e+00
 9.66017e-06     1.00000e+00
 9.83995e-06     1.00000e+00
 1.00231e-05     1.00000e+00
 1.02096e-05     1.00000e+00
 1.03996e-05     1.00000e+00
 1.05931e-05     1.00000e+00
 1.07903e-05     1.00000e+00
 1.09911e-05     1.00000e+00
 1.11956e-05     1.00000e+00
 1.14040e-05     1.00000e+00
 1.16162e-05     1.00000e+00
 1.18324e-05     1.00000e+00
 1.20526e-05     1.00000e+00
 1.22769e-05     1.00000e+00
 1.25054e-05     1.00000e+00
 1.27381e-05     1.00000e+00
 1.29752e-05     1.00000e+00
 1.32166e-05     1.00000e+00
 1.34626e-05     1.00000e+00
 1.37131e-05     1.00000e+00
 1.39684e-05     1.00000e+00
 1.42283e-05     1.00000e+00
 1.44931e-05     1.00000e+00
 1.47628e-05     1.00000e+00
 1.50376e-05     1.00000e+00
 1.53174e-05     1.00000e+00
 1.56025e-05     1.00000e+00
 1.58928e-05     1.00000e+00
 1.61886e-05     1.00000e+00
 1.64899e-05     1.00000e+00
 1.67967e-05     1.00000e+00
 1.71093e-05     1.00000e+00
 1.74277e-05     1.00000e+00
 1.77521e-05     1.00000e+00
 1.80824e-05     1.00000e+00
 1.84190e-05     1.00000e+00
 1.87617e-05     1.00000e+00
 1.91109e-05     1.00000e+00
 1.94666e-05     1.00000e+00
 1.98288e-05     1.00000e+00
 2.01979e-05     1.00000e+00
 2.05737e-05     1.00000e+00
 2.09566e-05     1.00000e+00
 2.13466e-05     1.00000e+00
 2.17439e-05     1.00000e+00
 2.21486e-05     1.00000e+00
 2.25607e-05     1.00000e+00
 2.29806e-05     1.00000e+00
 2.34083e-05     1.00000e+00
 2.38439e-05     1.00000e+00
 2.42876e-05     1.00000e+00
 2.47396e-05     1.00000e+00
 2.52000e-05     1.00000e+00
 2.56690e-05     1.00000e+00
 2.61467e-05     1.00000e+00
 2.66333e-05     1.00000e+00
 2.71290e-05     1.00000e+00
 2.76339e-05     1.00000e+00
 2.81481e-05     1.00000e+00
 2.86720e-05     1.00000e+00
 2.92056e-05     1.00000e+00
 2.97491e-05     1.00000e+00
 3.03027e-05     1.00000e+00
 3.08666e-05     1.00000e+00
 3.14411e-05     1.00000e+00
 3.20262e-05     1.00000e+00
 3.26222e-05     1.00000e+00
 3.32293e-05     1.00000e+00
 3.38477e-05     1.00000e+00
 3.44776e-05     1.00000e+00
 3.51193e-05     1.00000e+00
 3.57729e-05     1.00000e+00
 3.64386e-05     1.00000e+00
 3.71167e-05     1.00000e+00
 3.78075e-05     1.00000e+00
 3.85111e-05     1.00000e+00
 3.92278e-05     1.00000e+00
 3.99578e-05     1.00000e+00
 4.07014e-05     1.00000e+00
 4.14589e-05     1.00000e+00
 4.22304e-05     1.00000e+00
 4.30164e-05     1.00000e+00
 4.38169e-05     1.00000e+00
 4.46323e-05     1.00000e+00
 4.54630e-05     1.00000e+00
 4.63090e-05     1.00000e+00
 4.71708e-05     1.00000e+00
 4.80487e-05     1.00000e+00
 4.89429e-05     1.00000e+00
 4.98537e-05     1.00000e+00
 5.07815e-05     1.00000e+00
 5.17266e-05     1.00000e+00
 5.26892e-05     1.00000e+00
 5.36698e-05     1.00000e+00
 5.46686e-05     1.00000e+00
 5.56860e-05     1.00000e+00
 5.67223e-05     1.00000e+00
 5.77779e-05     1.00000e+00
 5.88532e-05     1.00000e+00
 5.99484e-05     1.00000e+00
 6.10641e-05     1.00000e+00
 6.22005e-05     1.00000e+00
 6.33580e-05     1.00000e+00
 6.45372e-05     1.00000e+00
 6.57382e-05     1.00000e+00
 6.69616e-05     1.00000e+00
 6.82078e-05     1.00000e+00
 6.94771e-05     1.00000e+00
 7.07701e-05     1.00000e+00
 7.20872e-05     1.00000e+00
 7.34287e-05     1.00000e+00
 7.47952e-05     1.00000e+00
 7.61872e-05     1.00000e+00
 7.76050e-05     1.00000e+00
 7.90493e-05     1.00000e+00
 8.05204e-05     1.00000e+00
 8.20189e-05     1.00000e+00
 8.35453e-05     1.00000e+00
 8.51001e-05     1.00000e+00
 8.66838e-05     1.00000e+00
 8.82970e-05     1.00000e+00
 8.99402e-05     1.00000e+00
 9.16140e-05     1.00000e+00
 9.33190e-05     1.00000e+00
 9.50557e-05     1.00000e+00
 9.68247e-05     1.00000e+00
 9.86266e-05     1.00000e+00
 1.00462e-04     1.00000e+00
 1.02332e-04     1.00000e+00
 1.04236e-04     1.00000e+00
 1.06176e-04     1.00000e+00
 1.08152e-04     1.00000e+00
 1.10165e-04     1.00000e+00
 1.12215e-04     1.00000e+00
 1.14303e-04     1.00000e+00
 1.16430e-04     1.00000e+00
 1.18597e-04     1.00000e+00
 1.20804e-04     1.00000e+00
 1.23052e-04     1.00000e+00
 1.25342e-04     1.00000e+00
 1.27675e-04     1.00000e+00
 1.30051e-04     1.00000e+00
 1.32471e-04     1.00000e+00
 1.34937e-04     1.00000e+00
 1.37448e-04     1.00000e+00
 1.40006e-04     1.00000e+00
 1.42611e-04     1.00000e+00
 1.45265e-04     1.00000e+00
 1.47969e-04     1.00000e+00
 1.50723e-04     1.00000e+00
 1.53528e-04     1.00000e+00
 1.56385e-04     1.00000e+00
 1.59295e-04     1.00000e+00
 1.62260e-04     1.00000e+00
 1.65279e-04     1.00000e+00
 1.68355e-04     1.00000e+00
 1.71488e-04     1.00000e+00
 1.74680e-04     1.00000e+00
 1.77930e-04     1.00000e+00
 1.81242e-04     1.00000e+00
 1.84615e-04     1.00000e+00
 1.88050e-04     1.00000e+00
 1.91550e-04     1.00000e+00
 1.95115e-04     1.00000e+00
 1.98746e-04     1.00000e+00
 2.02445e-04     1.00000e+00
 2.06212e-04     1.00000e+00
 2.10050e-04     1.00000e+00
 2.13959e-04     1.00000e+00
 2.17941e-04     1.00000e+00
 2.21997e-04     1.00000e+00
 2.26128e-04     1.00000e+00
 2.30336e-04     1.00000e+00
 2.34623e-04     1.00000e+00
 2.38989e-04     1.00000e+00
 2.43437e-04     1.00000e+00
 2.47967e-04     1.00000e+00
 2.52582e-04     1.00000e+00
 2.57283e-04     1.00000e+00
 2.62071e-04     1.00000e+00
 2.66948e-04     1.00000e+00
 2.71916e-04     1.00000e+00
 2.76976e-04     1.00000e+00
 2.82131e-04     1.00000e+00
 2.87381e-04     1.00000e+00
 2.92729e-04     1.00000e+00
 2.98177e-04     1.00000e+00
 3.03726e-04     1.00000e+00
 3.09379e-04     1.00000e+00
 3.15136e-04     1.00000e+00
 3.21001e-04     1.00000e+00
 3.26975e-04     1.00000e+00
 3.33060e-04     1.00000e+00
 3.39258e-04     1.00000e+00
 3.45572e-04     1.00000e+00
 3.52003e-04     1.00000e+00
 3.58554e-04     1.00000e+00
 3.65227e-04     1.00000e+00
 3.72024e-04     1.00000e+00
 3.78947e-04     1.00000e+00
 3.85999e-04     1.00000e+00
 3.93183e-04     1.00000e+00
 4.00500e-04     1.00000e+00
 4.07953e-04     1.00000e+00
 4.15546e-04     1.00000e+00
 4.23279e-04     1.00000e+00
 4.31156e-04     1.00000e+00
 4.39180e-04     1.00000e+00
 4.47353e-04     1.00000e+00
 4.55679e-04     1.00000e+00
 4.64159e-04     1.00000e+00
 4.72797e-04     1.00000e+00
 4.81596e-04     1.00000e+00
 4.90558e-04     1.00000e+00
 4.99688e-04     1.00000e+00
 5.08987e-04     1.00000e+00
 5.18459e-04     1.00000e+00
 5.28108e-04     1.00000e+00
 5.37936e-04     1.00000e+00
 5.47947e-04     1.00000e+00
 5.58145e-04     1.00000e+00
 5.68532e-04     1.00000e+00
 5.79112e-04     1.00000e+00
 5.89890e-04     1.00000e+00
 6.00868e-04     1.00000e+00
 6.12050e-04     1.00000e+00
 6.23440e-04     1.00000e+00
 6.35043e-04     1.00000e+00
 6.46861e-04     1.00000e+00
 6.58899e-04     1.00000e+00
 6.71161e-04     1.00000e+00
 6.83652e-04     1.00000e+00
 6.96374e-04     1.00000e+00
 7.09334e-04     1.00000e+00
 7.22535e-04     1.00000e+00
 7.35981e-04     1.00000e+00
 7.49678e-04     1.00000e+00
 7.63630e-04     1.00000e+00
 7.77841e-04     1.00000e+00
 7.92317e-04     1.00000e+00
 8.07062e-04     1.00000e+00
 8.22082e-04     1.00000e+00
 8.37381e-04     1.00000e+00
 8.52964e-04     1.00000e+00
 8.68838e-04     1.00000e+00
 8.85007e-04     1.00000e+00
 9.01478e-04     1.00000e+00
 9.18254e-04     1.00000e+00
 9.35343e-04     1.00000e+00
 9.52750e-04     1.00000e+00
 9.70481e-04     1.00000e+00
 9.88542e-04     1.00000e+00
 1.00694e-03     1.00000e+00
 1.02568e-03     1.00000e+00
 1.04477e-03     1.00000e+00
 1.06421e-03     1.00000e+00
 1.08401e-03     1.00000e+00
 1.10419e-03     1.00000e+00
 1.12474e-03     1.00000e+00
 1.14567e-03     1.00000e+00
 1.16699e-03     1.00000e+00
 1.18871e-03     1.00000e+00
 1.21083e-03     1.00000e+00
 1.23336e-03     1.00000e+00
 1.25632e-03     1.00000e+00
 1.27970e-03     1.00000e+00
 1.30351e-03     1.00000e+00
 1.32777e-03     1.00000e+00
 1.35248e-03     1.00000e+00
 1.37765e-03     1.00000e+00
 1.40329e-03     1.00000e+00
 1.42940e-03     1.00000e+00
 1.45601e-03     1.00000e+00
 1.48310e-03     1.00000e+00
 1.51070e-03     1.00000e+00
 1.53882e-03     1.00000e+00
 1.56746e-03     1.00000e+00
 1.59663e-03     1.00000e+00
 1.62634e-03     1.00000e+00
 1.65661e-03     1.00000e+00
 1.68744e-03     1.00000e+00
 1.71884e-03     1.00000e+00
 1.75083e-03     1.00000e+00
 1.78341e-03     1.00000e+00
 1.81660e-03     1.00000e+00
 1.85041e-03     1.00000e+00
 1.88484e-03     1.00000e+00
 1.91992e-03     1.00000e+00
 1.95565e-03     1.00000e+00
 1.99205e-03     1.00000e+00
 2.02912e-03     1.00000e+00
 2.06688e-03     1.00000e+00
 2.10535e-03     1.00000e+00
 2.14453e-03     1.00000e+00
 2.18444e-03     1.00000e+00
 2.22509e-03     1.00000e+00
 2.26650e-03     1.00000e+00
 2.30868e-03     1.00000e+00
 2.35164e-03     1.00000e+00
 2.39541e-03     1.00000e+00
 2.43999e-03     1.00000e+00
 2.48539e-03     1.00000e+00
 2.53165e-03     1.00000e+00
 2.57876e-03     1.00000e+00
 2.62675e-03     9.99999e-01
 2.67564e-03     9.99999e-01
 2.72543e-03     9.99999e-01
 2.77615e-03     9.99999e-01
 2.82782e-03     9.99999e-01
 2.88044e-03     9.99999e-01
 2.93405e-03     9.99999e-01
 2.98865e-03     9.99999e-01
 3.04427e-03     9.99999e-01
 3.10093e-03     9.99999e-01
 3.15864e-03     9.99999e-01
 3.21742e-03     9.99999e-01
 3.27729e-03     9.99999e-01
 3.33829e-03     9.99999e-01
 3.40041e-03     9.99999e-01
 3.46369e-03     9.99999e-01
 3.52815e-03     9.99999e-01
 3.59381e-03     9.99999e-01
 3.66070e-03     9.99999e-01
 3.72882e-03     9.99999e-01
 3.79822e-03     9.99999e-01
 3.86890e-03     9.99999e-01
 3.94090e-03     9.99999e-01
 4.01424e-03     9.99999e-01
 4.08895e-03     9.99999e-01
 4.16504e-03     9.99999e-01
 4.24256e-03     9.99999e-01
 4.32151e-03     9.99998e-01
 4.40194e-03     9.99998e-01
 4.48386e-03     9.99998e-01
 4.56730e-03     9.99998e-01
 4.65230e-03     9.99998e-01
 4.73888e-03     9.99998e-01
 4.82707e-03     9.99998e-01
 4.91690e-03     9.99998e-01
 5.00841e-03     9.99998e-01
 5.10162e-03     9.99998e-01
 5.19656e-03     9.99998e-01
 5.29327e-03     9.99998e-01
 5.39177e-03     9.99998e-01
 5.49212e-03     9.99997e-01
 5.59433e-03     9.99997e-01
 5.69844e-03     9.99997e-01
 5.80449e-03     9.99997e-01
 5.91251e-03     9.99997e-01
 6.02254e-03     9.99997e-01
 6.13462e-03     9.99997e-01
 6.24879e-03     9.99997e-01
 6.36508e-03     9.99996e-01
 6.48353e-03     9.99996e-01
 6.60419e-03     9.99996e-01
 6.72710e-03     9.99996e-01
 6.85229e-03     9.99996e-01
 6.97981e-03     9.99996e-01
 7.10971e-03     9.99995e-01
 7.24202e-03     9.99995e-01
 7.37680e-03     9.99995e-01
 7.51408e-03     9.99995e-01
 7.65392e-03     9.99995e-01
 7.79636e-03     9.99994e-01
 7.94145e-03     9.99994e-01
 8.08924e-03     9.99994e-01
 8.23979e-03     9.99994e-01
 8.39313e-03     9.99993e-01
 8.54933e-03     9.99993e-01
 8.70843e-03     9.99993e-01
 8.87050e-03     9.99993e-01
 9.03558e-03     9.99992e-01
 9.20373e-03     9.99992e-01
 9.37502e-03     9.99992e-01
 9.54949e-03     9.99991e-01
 9.72720e-03     9.99991e-01
 9.90823e-03     9.99991e-01
 1.00926e-02     9.99990e-01
 1.02804e-02     9.99990e-01
 1.04718e-02     9.99989e-01
 1.06666e-02     9.99989e-01
 1.08652e-02     9.99989e-01
 1.10674e-02     9.99988e-01
 1.12733e-02     9.99988e-01
 1.14831e-02     9.99987e-01
 1.16968e-02     9.99987e-01
 1.19145e-02     9.99986e-01
 1.21362e-02     9.99985e-01
 1.23621e-02     9.99985e-01
 1.25922e-02     9.99984e-01
 1.28265e-02     9.99984e-01
 1.30652e-02     9.99983e-01
 1.33083e-02     9.99982e-01
 1.35560e-02     9.99981e-01
 1.38083e-02     9.99981e-01
 1.40653e-02     9.99980e-01
 1.43270e-02     9.99979e-01
 1.45937e-02     9.99978e-01
 1.48652e-02     9.99977e-01
 1.51419e-02     9.99976e-01
 1.54237e-02     9.99975e-01
 1.57107e-02     9.99974e-01
 1.60031e-02     9.99973e-01
 1.63009e-02     9.99972e-01
 1.66043e-02     9.99971e-01
 1.69133e-02     9.99970e-01
 1.72281e-02     9.99969e-01
 1.75487e-02     9.99968e-01
 1.78753e-02     9.99966e-01
 1.82079e-02     9.99965e-01
 1.85468e-02     9.99963e-01
 1.88919e-02     9.99962e-01
 1.92435e-02     9.99960e-01
 1.96016e-02     9.99959e-01
 1.99664e-02     9.99957e-01
 2.03380e-02     9.99955e-01
 2.07165e-02     9.99953e-01
 2.11020e-02     9.99951e-01
 2.14947e-02     9.99949e-01
 2.18948e-02     9.99947e-01
 2.23022e-02     9.99945e-01
 2.27173e-02     9.99943e-01
 2.31401e-02     9.99941e-01
 2.35707e-02     9.99938e-01
 2.40093e-02     9.99936e-01
 2.44562e-02     9.99933e-01
 2.49113e-02     9.99930e-01
 2.53749e-02     9.99928e-01
 2.58471e-02     9.99925e-01
 2.63282e-02     9.99921e-01
 2.68181e-02     9.99918e-01
 2.73172e-02     9.99915e-01
 2.78256e-02     9.99911e-01
 2.83434e-02     9.99908e-01
 2.88709e-02     9.99904e-01
 2.94082e-02     9.99900e-01
 2.99555e-02     9.99896e-01
 3.05130e-02     9.99892e-01
 3.10808e-02     9.99887e-01
 3.16592e-02     9.99883e-01
 3.22484e-02     9.99878e-01
 3.28486e-02     9.99873e-01
 3.34599e-02     9.99868e-01
 3.40826e-02     9.99862e-01
 3.47169e-02     9.99856e-01
 3.53630e-02     9.99851e-01
 3.60211e-02     9.99844e-01
 3.66914e-02     9.99838e-01
 3.73743e-02     9.99831e-01
 3.80698e-02     9.99825e-01
 3.87783e-02     9.99817e-01
 3.95000e-02     9.99810e-01
 4.02351e-02     9.99802e-01
 4.09838e-02     9.99794e-01
 4.17466e-02     9.99786e-01
 4.25235e-02     9.99777e-01
 4.33148e-02     9.99768e-01
 4.41209e-02     9.99758e-01
 4.49420e-02     9.99748e-01
 4.57784e-02     9.99738e-01
 4.66303e-02     9.99727e-01
 4.74981e-02     9.99716e-01
 4.83821e-02     9.99704e-01
 4.92825e-02     9.99692e-01
 5.01997e-02     9.99679e-01
 5.11339e-02     9.99666e-01
 5.20855e-02     9.99653e-01
 5.30548e-02     9.99638e-01
 5.40422e-02     9.99624e-01
 5.50479e-02     9.99608e-01
 5.60723e-02     9.99592e-01
 5.71159e-02     9.99575e-01
 5.81788e-02     9.99558e-01
 5.92615e-02     9.99540e-01
 6.03644e-02     9.99521e-01
 6.14878e-02     9.99501e-01
 6.26321e-02     9.99481e-01
 6.37977e-02     9.99459e-01
 6.49850e-02     9.99437e-01
 6.61943e-02     9.99414e-01
 6.74262e-02     9.99390e-01
 6.86810e-02     9.99365e-01
 6.99592e-02     9.99339e-01
 7.12612e-02     9.99312e-01
 7.25873e-02     9.99284e-01
 7.39382e-02     9.99254e-01
 7.53142e-02     9.99224e-01
 7.67158e-02     9.99192e-01
 7.81435e-02     9.99159e-01
 7.95978e-02     9.99124e-01
 8.10791e-02     9.99088e-01
 8.25880e-02     9.99051e-01
 8.41250e-02     9.99012e-01
 8.56906e-02     9.98971e-01
 8.72853e-02     9.98929e-01
 8.89097e-02     9.98885e-01
 9.05643e-02     9.98839e-01
 9.22497e-02     9.98792e-01
 9.39665e-02     9.98742e-01
 9.57152e-02     9.98690e-01
 9.74965e-02     9.98637e-01
 9.93109e-02     9.98581e-01
 1.01159e-01     9.98522e-01
 1.03042e-01     9.98462e-01
 1.04959e-01     9.98398e-01
 1.06913e-01     9.98333e-01
 1.08902e-01     9.98264e-01
 1.10929e-01     9.98193e-01
 1.12993e-01     9.98119e-01
 1.15096e-01     9.98041e-01
 1.17238e-01     9.97961e-01
 1.19420e-01     9.97877e-01
 1.21642e-01     9.97790e-01
 1.23906e-01     9.97699e-01
 1.26212e-01     9.97605e-01
 1.28561e-01     9.97506e-01
 1.30954e-01     9.97404e-01
 1.33391e-01     9.97297e-01
 1.35873e-01     9.97186e-01
 1.38402e-01     9.97071e-01
 1.40977e-01     9.96950e-01
 1.43601e-01     9.96825e-01
 1.46273e-01     9.96695e-01
 1.48996e-01     9.96559e-01
 1.51768e-01     9.96417e-01
 1.54593e-01     9.96270e-01
 1.57470e-01     9.96117e-01
 1.60400e-01     9.95957e-01
 1.63385e-01     9.95791e-01
 1.66426e-01     9.95618e-01
 1.69523e-01     9.95438e-01
 1.72678e-01     9.95251e-01
 1.75892e-01     9.95056e-01
 1.79165e-01     9.94852e-01
 1.82499e-01     9.94641e-01
 1.85896e-01     9.94420e-01
 1.89355e-01     9.94191e-01
 1.92879e-01     9.93952e-01
 1.96469e-01     9.93704e-01
 2.00125e-01     9.93445e-01
 2.03849e-01     9.93175e-01
 2.07643e-01     9.92895e-01
 2.11507e-01     9.92603e-01
 2.15443e-01     9.92299e-01
 2.19453e-01     9.91982e-01
 2.23537e-01     9.91652e-01
 2.27697e-01     9.91309e-01
 2.31935e-01     9.90952e-01
 2.36251e-01     9.90580e-01
 2.40648e-01     9.90193e-01
 2.45126e-01     9.89790e-01
 2.49688e-01     9.89370e-01
 2.54335e-01     9.88933e-01
 2.59068e-01     9.88478e-01
 2.63889e-01     9.88004e-01
 2.68800e-01     9.87511e-01
 2.73803e-01     9.86998e-01
 2.78898e-01     9.86463e-01
 2.84088e-01     9.85907e-01
 2.89375e-01     9.85328e-01
 2.94761e-01     9.84725e-01
 3.00246e-01     9.84097e-01
 3.05834e-01     9.83444e-01
 3.11525e-01     9.82763e-01
 3.17323e-01     9.82055e-01
 3.23228e-01     9.81318e-01
 3.29244e-01     9.80551e-01
 3.35371e-01     9.79752e-01
 3.41612e-01     9.78921e-01
 3.47970e-01     9.78055e-01
 3.54446e-01     9.77154e-01
 3.61042e-01     9.76216e-01
 3.67761e-01     9.75240e-01
 3.74605e-01     9.74225e-01
 3.81576e-01     9.73167e-01
 3.88678e-01     9.72067e-01
 3.95911e-01     9.70921e-01
 4.03279e-01     9.69730e-01
 4.10784e-01     9.68489e-01
 4.18429e-01     9.67198e-01
 4.26216e-01     9.65855e-01
 4.34148e-01     9.64457e-01
 4.42227e-01     9.63002e-01
 4.50457e-01     9.61489e-01
 4.58840e-01     9.59914e-01
 4.67380e-01     9.58275e-01
 4.76078e-01     9.56570e-01
 4.84937e-01     9.54797e-01
 4.93962e-01     9.52952e-01
 5.03155e-01     9.51033e-01
 5.12519e-01     9.49037e-01
 5.22057e-01     9.46960e-01
 5.31772e-01     9.44801e-01
 5.41669e-01     9.42555e-01
 5.51749e-01     9.40220e-01
 5.62017e-01     9.37791e-01
 5.72477e-01     9.35266e-01
 5.83131e-01     9.32641e-01
 5.93983e-01     9.29913e-01
 6.05037e-01     9.27076e-01
 6.16297e-01     9.24128e-01
 6.27766e-01     9.21064e-01
 6.39449e-01     9.17881e-01
 6.51349e-01     9.14573e-01
 6.63471e-01     9.11137e-01
 6.75818e-01     9.07567e-01
 6.88395e-01     9.03860e-01
 7.01206e-01     9.00010e-01
 7.14256e-01     8.96013e-01
 7.27548e-01     8.91863e-01
 7.41088e-01     8.87556e-01
 7.54880e-01     8.83086e-01
 7.68928e-01     8.78448e-01
 7.83238e-01     8.73637e-01
 7.97814e-01     8.68648e-01
 8.12662e-01     8.63474e-01
 8.27786e-01     8.58110e-01
 8.43191e-01     8.52552e-01
 8.58883e-01     8.46792e-01
 8.74867e-01     8.40826e-01
 8.91148e-01     8.34647e-01
 9.07733e-01     8.28251e-01
 9.24626e-01     8.21631e-01
 9.41833e-01     8.14783e-01
 9.59361e-01     8.07700e-01
 9.77215e-01     8.00378e-01
 9.95401e-01     7.92811e-01
 1.01393e+00     7.84994e-01
 1.03279e+00     7.76923e-01
 1.05202e+00     7.68593e-01
 1.07159e+00     7.59999e-01
 1.09154e+00     7.51139e-01
 1.11185e+00     7.42008e-01
 1.13254e+00     7.32603e-01
 1.15362e+00     7.22923e-01
 1.17509e+00     7.12964e-01
 1.19696e+00     7.02725e-01
 1.21923e+00     6.92206e-01
 1.24192e+00     6.81406e-01
 1.26503e+00     6.70327e-01
 1.28858e+00     6.58969e-01
 1.31256e+00     6.47335e-01
 1.33698e+00     6.35428e-01
 1.36187e+00     6.23254e-01
 1.38721e+00     6.10816e-01
 1.41303e+00     5.98122e-01
 1.43932e+00     5.85181e-01
 1.46611e+00     5.71999e-01
 1.49339e+00     5.58589e-01
 1.52119e+00     5.44961e-01
 1.54950e+00     5.31130e-01
 1.57833e+00     5.17108e-01
 1.60770e+00     5.02912e-01
 1.63762e+00     4.88559e-01
 1.66810e+00     4.74068e-01
 1.69914e+00     4.59459e-01
 1.73077e+00     4.44752e-01
 1.76298e+00     4.29971e-01
 1.79578e+00     4.15138e-01
 1.82920e+00     4.00278e-01
 1.86325e+00     3.85418e-01
 1.89792e+00     3.70583e-01
 1.93324e+00     3.55801e-01
 1.96922e+00     3.41099e-01
 2.00587e+00     3.26506e-01
 2.04320e+00     3.12049e-01
 2.08122e+00     2.97756e-01
 2.11995e+00     2.83656e-01
 2.15941e+00     2.69775e-01
 2.19959e+00     2.56141e-01
 2.24053e+00     2.42779e-01
 2.28222e+00     2.29712e-01
 2.32470e+00     2.16966e-01
 2.36796e+00     2.04560e-01
 2.41203e+00     1.92516e-01
 2.45692e+00     1.80850e-01
 2.50264e+00     1.69578e-01
 2.54921e+00     1.58715e-01
 2.59666e+00     1.48272e-01
 2.64498e+00     1.38258e-01
 2.69420e+00     1.28679e-01
 2.74434e+00     1.19540e-01
 2.79542e+00     1.10842e-01
 2.84744e+00     1.02586e-01
 2.90043e+00     9.47693e-02
 2.95441e+00     8.73868e-02
 3.00939e+00     8.04320e-02
 3.06540e+00     7.38967e-02
 3.12244e+00     6.77708e-02
 3.18055e+00     6.20427e-02
 3.23974e+00     5.66996e-02
 3.30003e+00     5.17276e-02
 3.36145e+00     4.71119e-02
 3.42401e+00     4.28368e-02
 3.48773e+00     3.88864e-02
 3.55263e+00     3.52440e-02
 3.61875e+00     3.18932e-02
 3.68610e+00     2.88170e-02
 3.75469e+00     2.59990e-02
 3.82457e+00     2.34228e-02
 3.89575e+00     2.10723e-02
 3.96825e+00     1.89319e-02
 4.04210e+00     1.69864e-02
 4.11732e+00     1.52213e-02
 4.19394e+00     1.36228e-02
 4.27199e+00     1.21776e-02
 4.35150e+00     1.08732e-02
 4.43248e+00     9.69767e-03
 4.51497e+00     8.63996e-03
 4.59899e+00     7.68968e-03
 4.68458e+00     6.83712e-03
 4.77176e+00     6.07329e-03
 4.86056e+00     5.38987e-03
 4.95102e+00     4.77915e-03
 5.04316e+00     4.23407e-03
 5.13701e+00     3.74814e-03
 5.23261e+00     3.31542e-03
 5.32999e+00     2.93050e-03
 5.42919e+00     2.58845e-03
 5.53022e+00     2.28479e-03
 5.63314e+00     2.01546e-03
 5.73798e+00     1.77679e-03
 5.84476e+00     1.56548e-03
 5.95353e+00     1.37853e-03
 6.06433e+00     1.21326e-03
 6.17719e+00     1.06727e-03
 6.29215e+00     9.38400e-04
 6.40924e+00     8.24714e-04
 6.52852e+00     7.24489e-04
 6.65002e+00     6.36183e-04
 6.77378e+00     5.58422e-04
 6.89984e+00     4.89985e-04
 7.02824e+00     4.29785e-04
 7.15904e+00     3.76855e-04
 7.29227e+00     3.30339e-04
 7.42798e+00     2.89479e-04
 7.56622e+00     2.53600e-04
 7.70703e+00     2.22109e-04
 7.85046e+00     1.94479e-04
 7.99655e+00     1.70245e-04
 8.14537e+00     1.48996e-04
 8.29696e+00     1.30372e-04
 8.45137e+00     1.14052e-04
 8.60865e+00     9.97560e-05
 8.76886e+00     8.72359e-05
 8.93205e+00     7.62739e-05
 9.09827e+00     6.66785e-05
 9.26759e+00     5.82812e-05
 9.44006e+00     5.09340e-05
 9.61575e+00     4.45068e-05
 9.79470e+00     3.88856e-05
 9.97698e+00     3.39701e-05
 1.01627e+01     2.96726e-05
 1.03518e+01     2.59158e-05
 1.05444e+01     2.26324e-05
 1.07407e+01     1.97629e-05
 1.09405e+01     1.72557e-05
 1.11442e+01     1.50653e-05
 1.13515e+01     1.31518e-05
 1.15628e+01     1.14804e-05
 1.17780e+01     1.00207e-05
 1.19972e+01     8.74599e-06
 1.22204e+01     7.63293e-06
 1.24479e+01     6.66111e-06
 1.26795e+01     5.81268e-06
 1.29155e+01     5.07203e-06
 1.31559e+01     4.42552e-06
 1.34007e+01     3.86123e-06
 1.36501e+01     3.36873e-06
 1.39041e+01     2.93893e-06
 1.41629e+01     2.56385e-06
 1.44264e+01     2.23655e-06
 1.46949e+01     1.95097e-06
 1.49684e+01     1.70179e-06
 1.52470e+01     1.48439e-06
 1.55307e+01     1.29472e-06
 1.58197e+01     1.12925e-06
 1.61141e+01     9.84902e-07
 1.64140e+01     8.58983e-07
 1.67195e+01     7.49145e-07
 1.70307e+01     6.53336e-07
 1.73476e+01     5.69768e-07
 1.76704e+01     4.96879e-07
 1.79993e+01     4.33305e-07
 1.83343e+01     3.77859e-07
 1.86755e+01     3.29502e-07
 1.90230e+01     2.87329e-07
 1.93770e+01     2.50550e-07
 1.97376e+01     2.18475e-07
 2.01050e+01     1.90504e-07
 2.04791e+01     1.66112e-07
 2.08602e+01     1.44841e-07
 2.12485e+01     1.26293e-07
 2.16439e+01     1.10118e-07
 2.20467e+01     9.60145e-08
 2.24570e+01     8.37162e-08
 2.28749e+01     7.29925e-08
 2.33006e+01     6.36420e-08
 2.37342e+01     5.54888e-08
 2.41759e+01     4.83797e-08
 2.46259e+01     4.21811e-08
 2.50842e+01     3.67765e-08
 2.55510e+01     3.20642e-08
 2.60265e+01     2.79554e-08
 2.65108e+01     2.43731e-08
 2.70042e+01     2.12497e-08
 2.75068e+01     1.85264e-08
 2.80187e+01     1.61521e-08
 2.85401e+01     1.40820e-08
 2.90712e+01     1.22772e-08
 2.96123e+01     1.07036e-08
 3.01633e+01     9.33171e-09
 3.07247e+01     8.13561e-09
 3.12965e+01     7.09279e-09
 3.18789e+01     6.18363e-09
 3.24722e+01     5.39098e-09
 3.30765e+01     4.69993e-09
 3.36921e+01     4.09745e-09
 3.43191e+01     3.57219e-09
 3.49578e+01     3.11426e-09
 3.56083e+01     2.71502e-09
 3.62710e+01     2.36696e-09
 3.69460e+01     2.06352e-09
 3.76336e+01     1.79898e-09
 3.83340e+01     1.56834e-09
 3.90474e+01     1.36728e-09
 3.97740e+01     1.19198e-09
 4.05142e+01     1.03916e-09
 4.12682e+01     9.05936e-10
 4.20362e+01     7.89787e-10
 4.28185e+01     6.88528e-10
 4.36154e+01     6.00251e-10
 4.44271e+01     5.23292e-10
 4.52539e+01     4.56199e-10
 4.60960e+01     3.97708e-10
 4.69539e+01     3.46716e-10
 4.78277e+01     3.02262e-10
 4.87178e+01     2.63507e-10
 4.96244e+01     2.29721e-10
 5.05480e+01     2.00267e-10
 5.14887e+01     1.74589e-10
 5.24469e+01     1.52204e-10
 5.34229e+01     1.32688e-10
 5.44171e+01     1.15675e-10
 5.54299e+01     1.00843e-10
 5.64614e+01     8.79129e-11
 5.75122e+01     7.66407e-11
 5.85825e+01     6.68137e-11
 5.96727e+01     5.82467e-11
 6.07832e+01     5.07782e-11
 6.19144e+01     4.42673e-11
 6.30667e+01     3.85912e-11
 6.42403e+01     3.36430e-11
 6.54359e+01     2.93291e-11
 6.66536e+01     2.55685e-11
 6.78941e+01     2.22900e-11
 6.91576e+01     1.94319e-11
 7.04446e+01     1.69402e-11
 7.17556e+01     1.47681e-11
 7.30910e+01     1.28744e-11
 7.44512e+01     1.12236e-11
 7.58368e+01     9.78447e-12
 7.72481e+01     8.52985e-12
 7.86857e+01     7.43611e-12
 8.01501e+01     6.48261e-12
 8.16417e+01     5.65137e-12
 8.31610e+01     4.92672e-12
 8.47087e+01     4.29499e-12
 8.62851e+01     3.74426e-12
 8.78909e+01     3.26415e-12
 8.95266e+01     2.84560e-12
 9.11927e+01     2.48072e-12
 9.28898e+01     2.16262e-12
 9.46185e+01     1.88532e-12
 9.63793e+01     1.64357e-12
 9.81730e+01     1.43282e-12
 1.00000e+02     1.24909e-12
