0 0 124    % Number of fixed entities 
1 
2 
3 
4 
5 
6 
7 
8 
9 
10 
11 
12 
13 
14 
15 
16 
17 
18 
19 
20 
21 
22 
23 
24 
29 
30 
33 
34 
37 
48 
49 
52 
53 
56 
58 
66 
67 
68 
69 
74 
75 
78 
79 
82 
93 
94 
97 
98 
101 
103 
111 
112 
115 
117 
118 
121 
129 
131 
133 
135 
191 
192 
195 
197 
198 
201 
218 
219 
220 
221 
222 
223 
224 
225 
226 
233 
234 
235 
236 
237 
238 
298 
299 
300 
301 
302 
303 
304 
305 
306 
313 
314 
315 
316 
317 
318 
325 
326 
327 
328 
329 
330 
335 
336 
337 
338 
345 
346 
347 
348 
349 
350 
351 
352 
353 
354 
355 
356 
357 
358 
359 
360 
361 
362 
