%Time 0.0000 
0.000000e+00 
-2.449294e-16 
2.449294e-16 
-0.000000e+00 
-0.000000e+00 
2.449294e-16 
-2.449294e-16 
0.000000e+00 
1.421581e+00 
1.754914e+00 
1.000000e+00 
2.286340e-02 
-3.104699e-01 
-1.224647e-16 
1.224647e-16 
3.104699e-01 
-2.286340e-02 
-1.000000e+00 
-1.754914e+00 
-1.421581e+00 
-0.000000e+00 
0.000000e+00 
-1.421581e+00 
-1.754914e+00 
-1.000000e+00 
-2.286340e-02 
3.104699e-01 
1.224647e-16 
-1.224647e-16 
-3.104699e-01 
2.286340e-02 
1.000000e+00 
1.754914e+00 
1.421581e+00 
0.000000e+00 
-0.000000e+00 
0.000000e+00 
-0.000000e+00 
-1.224647e-16 
1.224647e-16 
1.224647e-16 
-1.224647e-16 
-0.000000e+00 
0.000000e+00 
7.107905e-01 
-7.107906e-01 
8.774571e-01 
-8.774572e-01 
5.000000e-01 
-5.000001e-01 
1.143170e-02 
-1.143170e-02 
-1.552349e-01 
1.552349e-01 
7.107905e-01 
-7.107906e-01 
8.774571e-01 
-8.774572e-01 
5.000000e-01 
-5.000001e-01 
1.143170e-02 
-1.143170e-02 
-1.552349e-01 
1.552349e-01 
-6.123233e-17 
6.123234e-17 
6.123234e-17 
-6.123235e-17 
1.552349e-01 
-1.552349e-01 
-1.143170e-02 
1.143170e-02 
-5.000000e-01 
5.000001e-01 
-8.774571e-01 
8.774572e-01 
-7.107905e-01 
7.107906e-01 
-0.000000e+00 
0.000000e+00 
0.000000e+00 
-0.000000e+00 
-7.107905e-01 
7.107906e-01 
-8.774571e-01 
8.774572e-01 
-5.000000e-01 
5.000001e-01 
-1.143170e-02 
1.143170e-02 
1.552349e-01 
-1.552349e-01 
